           3   2.00000000       0.00000000       4.00000000    
           8   2.00000000       0.00000000       102.000000       5.00000000       7.00000000      -2.00000000      -103.000000       30.0000000    
           8   2.00000000       0.00000000       102.000000       6.00000000       7.00000000      -3.00000000      -104.000000       29.0000000    
           6   2.00000000       0.00000000       103.000000      -2.00000000      -3.00000000      -2.00000000    
           6   2.00000000       0.00000000       109.000000      -2.00000000       101.000000      -3.00000000    
           6   2.00000000       0.00000000       103.000000      -2.00000000       102.000000      -2.00000000    
           6   2.00000000       0.00000000       109.000000       8.00000000       103.000000      -4.00000000    
           8   2.00000000       0.00000000       102.000000      -4.00000000       104.000000      -4.00000000      -105.000000       28.0000000    
           6   2.00000000       0.00000000       103.000000       8.00000000      -4.00000000      -4.00000000    
           8   2.00000000       0.00000000       102.000000      -3.00000000      -5.00000000      -5.00000000      -102.000000       107.000000    
           8   2.00000000       0.00000000       102.000000      -2.00000000      -4.00000000      -4.00000000      -101.000000       108.000000    
           6   2.00000000       0.00000000       109.000000      -2.00000000      -4.00000000      -4.00000000    
           6   2.00000000       0.00000000       109.000000      -4.00000000       106.000000      -4.00000000    
           5   2.00000000       0.00000000       101.000000      -4.00000000      -1.00000000    
           2   2.00000000       0.00000000    
           2   6.00000000       0.00000000    
