  INS 0 1 ;
  OSC P5 P6 B2 F2 P30 ;
  OUT B2 B1 ;
  END ;
  GEN 0 1 2 0 0 0.999 50 0.9990 205 -0.9990 306 -0.9990 461 0 511 ;
  NOT 0 1 0.5000 125 8.4500 ;
  NOT 0.7500 1 0.1700 250 8.4500 ;
  NOT 1.0000 2 0.5000 500 8.4600 ;
  NOT 1.7500 1 0.1700 1000 8.9300 ;
  NOT 2.0000 1 0.9500 2000 10.0400 ;
  NOT 3.0000 1 0.9500 1000 7.4500 ;
  NOT 4.0000 1 0.5000 500 7.9300 ;
  NOT 4.7500 1 0.1700 500 2.9300 ;
  NOT 5.0000 1 0.5000 700 6.9300 ;
  NOT 5.7500 1 0.1700 1000 13.3900 ;
  NOT 6.0000 1 1.9500 500 20.6500 ;
  TER 8.0000 ;
  TER 8.0000 ;
  TER 8.0000 ;
  