 INS 0 1 ;
 OSC P5 P6 B2 F2 P30 ;
 OUT B2 B1 ;
 END ;
 GEN 0 1 2 0 0 .999 50 .999 700 -.999 306 -.999 735 0 600 ;
 NOT 0 1 .50 125 8.45 ;
 NOT 0.5 1 .30 100 4.45 ;
 COMMENT startTime num dur dyn pitch;
 NOT 0.5 1 .10 100 9.45 ;
 NOT 0.5 1 .30 50 12.45 ;
 NOT 0.9 1 .30 50 12.45 ;
 NOT 0.9 1 .30 50 12.45 ;
 NOT 1 1 .30 50 12.45 ;
 NOT 1.2 1 .30 50 12.4 ;
 NOT 1.3 1 .30 50 12.3 ;
 NOT 1.4 1 .30 50 12.3 ;
 NOT 1.6 1 .30 50 12.2 ;
 NOT 1.9 1 .30 50 12.1 ;
 NOT 2.3 1 .30 50 12 ;
 NOT 2.3 1 .30 50 12;
 NOT 2.4 1 .2 50 15;
 NOT 2.5 1 .15 50 20 ;

 TER 8.0;
